{
 "cells": [
  {
   "cell_type": "markdown",
   "metadata": {},
   "source": [
    "# https://github.com/justmarkham\n",
    "http://www.dataschool.io\n",
    "\n",
    "http://pandas.pydata.org/pandas-docs/version/0.20.3/whatsnew.html"
   ]
  },
  {
   "cell_type": "code",
   "execution_count": 53,
   "metadata": {},
   "outputs": [
    {
     "name": "stdout",
     "output_type": "stream",
     "text": [
      "numpy version:   1.12.1\n",
      "pandas version:  0.20.3\n"
     ]
    }
   ],
   "source": [
    "import pandas as pd\n",
    "import tushare as ts\n",
    "import numpy as np\n",
    "\n",
    "print('numpy version:  ', np.__version__)\n",
    "print('pandas version: ', pd.__version__)"
   ]
  },
  {
   "cell_type": "markdown",
   "metadata": {},
   "source": [
    "# How do I select a pandas Series from a DataFrame\n",
    "\n",
    "Read_table is similar to read_csv, the default sep is '\\t' while the default sep is ',' in read_csv.\n",
    "\n",
    "If the colume name incluede space or is the key words of pandas, you should ues stock['volume_name'] "
   ]
  },
  {
   "cell_type": "code",
   "execution_count": 54,
   "metadata": {},
   "outputs": [],
   "source": [
    "# 贵州茅台\n",
    "gzmt = ts.get_hist_data('600519')\n",
    "gzmt.to_csv('600519.csv')"
   ]
  },
  {
   "cell_type": "code",
   "execution_count": 57,
   "metadata": {},
   "outputs": [
    {
     "name": "stdout",
     "output_type": "stream",
     "text": [
      "         date    open    high   close     low    volume  price_change\n",
      "0  2017-12-15  664.00  667.95  653.60  650.78  32255.95        -10.95\n",
      "1  2017-12-14  669.98  671.30  664.68  660.50  31967.94         -3.53\n",
      "2  2017-12-13  654.99  670.00  668.20  650.72  48502.48         16.88\n",
      "3  2017-12-12  658.70  658.77  651.18  651.02  47889.31          0.19\n",
      "4  2017-12-11  631.00  651.95  651.00  631.00  72849.17         23.72\n"
     ]
    },
    {
     "data": {
      "text/plain": [
       "pandas.core.frame.DataFrame"
      ]
     },
     "execution_count": 57,
     "metadata": {},
     "output_type": "execute_result"
    }
   ],
   "source": [
    "stock = pd.read_table('600519.csv',sep=\",\")\n",
    "\n",
    "# delete rows 20:end\n",
    "row_del = np.arange(20,len(stock['volume'])+2)\n",
    "row_list = row_del.tolist()\n",
    "\n",
    "col_del = ['p_change','ma5','ma10','ma20','v_ma5','v_ma10','v_ma20','turnover']\n",
    "stock.drop(row_list, axis=0, inplace=True)\n",
    "stock.drop(col_del, axis=1, inplace=True)\n",
    "\n",
    "print(stock.head())\n",
    "type(stock)"
   ]
  },
  {
   "cell_type": "code",
   "execution_count": 58,
   "metadata": {},
   "outputs": [
    {
     "data": {
      "text/plain": [
       "0      32255.95\n",
       "1      31967.94\n",
       "2      48502.48\n",
       "3      47889.31\n",
       "4      72849.17\n",
       "5      45503.39\n",
       "6      51032.62\n",
       "7      58174.09\n",
       "8      47465.76\n",
       "9      54267.71\n",
       "10     47192.74\n",
       "11     38019.62\n",
       "12     46763.72\n",
       "13     70291.83\n",
       "14     63548.46\n",
       "15     76541.94\n",
       "16    109599.13\n",
       "17    128498.26\n",
       "18     96016.51\n",
       "19     88305.82\n",
       "Name: volume, dtype: float64"
      ]
     },
     "execution_count": 58,
     "metadata": {},
     "output_type": "execute_result"
    }
   ],
   "source": [
    "stock.volume\n",
    "# stock['volume']"
   ]
  },
  {
   "cell_type": "code",
   "execution_count": 59,
   "metadata": {
    "collapsed": true
   },
   "outputs": [],
   "source": [
    "stock['mean'] = (stock['high']+stock['low'])/2.0\n",
    "# add new columns"
   ]
  },
  {
   "cell_type": "markdown",
   "metadata": {},
   "source": [
    "# Why do some pandas commands end with parentheses, and other commands don't?"
   ]
  },
  {
   "cell_type": "code",
   "execution_count": 60,
   "metadata": {},
   "outputs": [
    {
     "name": "stdout",
     "output_type": "stream",
     "text": [
      "(20, 8)\n",
      "date             object\n",
      "open            float64\n",
      "high            float64\n",
      "close           float64\n",
      "low             float64\n",
      "volume          float64\n",
      "price_change    float64\n",
      "mean            float64\n",
      "dtype: object\n",
      "         date    open    high   close     low    volume  price_change     mean\n",
      "0  2017-12-15  664.00  667.95  653.60  650.78  32255.95        -10.95  659.365\n",
      "1  2017-12-14  669.98  671.30  664.68  660.50  31967.94         -3.53  665.900\n",
      "2  2017-12-13  654.99  670.00  668.20  650.72  48502.48         16.88  660.360\n",
      "3  2017-12-12  658.70  658.77  651.18  651.02  47889.31          0.19  654.895\n",
      "4  2017-12-11  631.00  651.95  651.00  631.00  72849.17         23.72  641.475\n",
      "             open        high       close         low         volume  \\\n",
      "count   20.000000   20.000000   20.000000   20.000000      20.000000   \n",
      "mean   644.585500  654.248000  643.075500  634.158500   62734.322500   \n",
      "std     19.019883   18.707563   18.594124   16.912208   25954.243261   \n",
      "min    615.420000  624.990000  616.690000  613.010000   31967.940000   \n",
      "25%    631.375000  643.700000  629.290000  620.097500   47085.485000   \n",
      "50%    636.955000  648.680000  638.075000  630.175000   52650.165000   \n",
      "75%    660.025000  668.462500  651.785000  650.735000   73772.362500   \n",
      "max    677.000000  688.800000  679.270000  662.020000  128498.260000   \n",
      "\n",
      "       price_change        mean  \n",
      "count     20.000000   20.000000  \n",
      "mean      -1.761000  644.203250  \n",
      "std       13.680328   17.483391  \n",
      "min      -26.380000  620.125000  \n",
      "25%       -8.747500  631.640000  \n",
      "50%       -5.980000  638.437500  \n",
      "75%        2.760000  659.613750  \n",
      "max       26.920000  675.410000  \n",
      "              date\n",
      "count           20\n",
      "unique          20\n",
      "top     2017-11-24\n",
      "freq             1\n"
     ]
    }
   ],
   "source": [
    "print((stock.shape))\n",
    "print(stock.dtypes)\n",
    "print(stock.head())\n",
    "print(stock.describe())\n",
    "print(stock.describe(include=['object']))"
   ]
  },
  {
   "cell_type": "markdown",
   "metadata": {},
   "source": [
    "# How do I rename columns in a pandas DataFrame?\n",
    "\n",
    "```python\n",
    "DataFrame.rename(columns = {'Old':'New'})\n",
    "new_columns = ['cols1', 'cols2,...]\n",
    "DataFrame.columns = new_columns\n",
    "\n",
    "data = pd.read_table(file/url,sep=\",\", header=0, names = new_colums)\n",
    "```"
   ]
  },
  {
   "cell_type": "code",
   "execution_count": 61,
   "metadata": {},
   "outputs": [
    {
     "data": {
      "text/plain": [
       "Index(['date', 'open', 'high', 'close', 'low', 'volume', 'price_change',\n",
       "       'mean'],\n",
       "      dtype='object')"
      ]
     },
     "execution_count": 61,
     "metadata": {},
     "output_type": "execute_result"
    }
   ],
   "source": [
    "stock.columns"
   ]
  },
  {
   "cell_type": "code",
   "execution_count": 62,
   "metadata": {},
   "outputs": [
    {
     "data": {
      "text/plain": [
       "Index(['date', 'open', 'high', 'close', 'low', 'volume', 'price change',\n",
       "       'mean'],\n",
       "      dtype='object')"
      ]
     },
     "execution_count": 62,
     "metadata": {},
     "output_type": "execute_result"
    }
   ],
   "source": [
    "stock.rename(columns = {'price_change':'price change'}, inplace=True)\n",
    "stock.columns"
   ]
  },
  {
   "cell_type": "code",
   "execution_count": 64,
   "metadata": {},
   "outputs": [
    {
     "data": {
      "text/plain": [
       "Index(['Data', 'Open', 'High', 'Close', 'Low', 'Volume', 'Price change',\n",
       "       'Mean'],\n",
       "      dtype='object')"
      ]
     },
     "execution_count": 64,
     "metadata": {},
     "output_type": "execute_result"
    }
   ],
   "source": [
    "stock_cols = ['Date', 'Open', 'High', 'Close', 'Low', 'Volume', 'Price change', 'Mean']\n",
    "stock.columns = stock_cols\n",
    "stock.columns"
   ]
  },
  {
   "cell_type": "code",
   "execution_count": 96,
   "metadata": {},
   "outputs": [
    {
     "data": {
      "text/plain": [
       "Index(['Date', 'Open', 'High', 'Close', 'Low', 'Volume', 'Price_change',\n",
       "       'P_change', 'Ma5', 'Ma10', 'Ma20', 'V_ma5', 'V_ma10', 'V_ma20',\n",
       "       'Turnover'],\n",
       "      dtype='object')"
      ]
     },
     "execution_count": 96,
     "metadata": {},
     "output_type": "execute_result"
    }
   ],
   "source": [
    "stock_cols = ['Date', 'Open', 'High', 'Close', 'Low', 'Volume', 'Price change', 'P change','Ma5','Ma10','Ma20','V ma5','V ma10','V ma20','Turnover']\n",
    "stock = pd.read_table('600519.csv',sep=\",\", header=0, names = stock_cols)\n",
    "#print(stock.head())\n",
    "#stock.columns\n",
    "stock.columns = stock.columns.str.replace(' ','_')\n",
    "stock.columns"
   ]
  },
  {
   "cell_type": "markdown",
   "metadata": {},
   "source": [
    "# How do I remove columns from a pandas DataFrame?\n",
    "\n",
    "```python\n",
    "# drop cols\n",
    "DataFrame.drop(['cols1','cols2', ...], axis=1, inplace=True)\n",
    "# drop rows\n",
    "DataFrame.drop([1,2, ...], axis=0, inplace=True)\n",
    "```"
   ]
  },
  {
   "cell_type": "code",
   "execution_count": 97,
   "metadata": {
    "scrolled": true
   },
   "outputs": [
    {
     "name": "stdout",
     "output_type": "stream",
     "text": [
      "Before Drop:  (733, 15)\n",
      "After Drop:  (731, 13)\n"
     ]
    },
    {
     "data": {
      "text/html": [
       "<div>\n",
       "<style>\n",
       "    .dataframe thead tr:only-child th {\n",
       "        text-align: right;\n",
       "    }\n",
       "\n",
       "    .dataframe thead th {\n",
       "        text-align: left;\n",
       "    }\n",
       "\n",
       "    .dataframe tbody tr th {\n",
       "        vertical-align: top;\n",
       "    }\n",
       "</style>\n",
       "<table border=\"1\" class=\"dataframe\">\n",
       "  <thead>\n",
       "    <tr style=\"text-align: right;\">\n",
       "      <th></th>\n",
       "      <th>Date</th>\n",
       "      <th>Open</th>\n",
       "      <th>High</th>\n",
       "      <th>Close</th>\n",
       "      <th>Low</th>\n",
       "      <th>Volume</th>\n",
       "      <th>Price_change</th>\n",
       "      <th>Ma5</th>\n",
       "      <th>Ma10</th>\n",
       "      <th>Ma20</th>\n",
       "      <th>V_ma5</th>\n",
       "      <th>V_ma10</th>\n",
       "      <th>V_ma20</th>\n",
       "    </tr>\n",
       "  </thead>\n",
       "  <tbody>\n",
       "    <tr>\n",
       "      <th>2</th>\n",
       "      <td>2017-12-13</td>\n",
       "      <td>654.99</td>\n",
       "      <td>670.00</td>\n",
       "      <td>668.20</td>\n",
       "      <td>650.72</td>\n",
       "      <td>48502.48</td>\n",
       "      <td>16.88</td>\n",
       "      <td>642.846</td>\n",
       "      <td>636.416</td>\n",
       "      <td>647.612</td>\n",
       "      <td>53155.39</td>\n",
       "      <td>51089.69</td>\n",
       "      <td>68752.01</td>\n",
       "    </tr>\n",
       "    <tr>\n",
       "      <th>3</th>\n",
       "      <td>2017-12-12</td>\n",
       "      <td>658.70</td>\n",
       "      <td>658.77</td>\n",
       "      <td>651.18</td>\n",
       "      <td>651.02</td>\n",
       "      <td>47889.31</td>\n",
       "      <td>0.19</td>\n",
       "      <td>634.276</td>\n",
       "      <td>633.416</td>\n",
       "      <td>648.601</td>\n",
       "      <td>55089.72</td>\n",
       "      <td>50915.81</td>\n",
       "      <td>68578.70</td>\n",
       "    </tr>\n",
       "    <tr>\n",
       "      <th>4</th>\n",
       "      <td>2017-12-11</td>\n",
       "      <td>631.00</td>\n",
       "      <td>651.95</td>\n",
       "      <td>651.00</td>\n",
       "      <td>631.00</td>\n",
       "      <td>72849.17</td>\n",
       "      <td>23.72</td>\n",
       "      <td>630.630</td>\n",
       "      <td>633.119</td>\n",
       "      <td>649.985</td>\n",
       "      <td>55005.01</td>\n",
       "      <td>53156.06</td>\n",
       "      <td>68502.57</td>\n",
       "    </tr>\n",
       "    <tr>\n",
       "      <th>5</th>\n",
       "      <td>2017-12-08</td>\n",
       "      <td>615.42</td>\n",
       "      <td>628.85</td>\n",
       "      <td>627.16</td>\n",
       "      <td>615.42</td>\n",
       "      <td>45503.39</td>\n",
       "      <td>10.47</td>\n",
       "      <td>628.020</td>\n",
       "      <td>630.222</td>\n",
       "      <td>651.829</td>\n",
       "      <td>51288.71</td>\n",
       "      <td>52225.99</td>\n",
       "      <td>67353.60</td>\n",
       "    </tr>\n",
       "    <tr>\n",
       "      <th>6</th>\n",
       "      <td>2017-12-07</td>\n",
       "      <td>624.95</td>\n",
       "      <td>624.99</td>\n",
       "      <td>616.69</td>\n",
       "      <td>615.26</td>\n",
       "      <td>51032.62</td>\n",
       "      <td>-8.32</td>\n",
       "      <td>627.124</td>\n",
       "      <td>630.506</td>\n",
       "      <td>654.372</td>\n",
       "      <td>51626.58</td>\n",
       "      <td>55329.85</td>\n",
       "      <td>68782.36</td>\n",
       "    </tr>\n",
       "  </tbody>\n",
       "</table>\n",
       "</div>"
      ],
      "text/plain": [
       "         Date    Open    High   Close     Low    Volume  Price_change  \\\n",
       "2  2017-12-13  654.99  670.00  668.20  650.72  48502.48         16.88   \n",
       "3  2017-12-12  658.70  658.77  651.18  651.02  47889.31          0.19   \n",
       "4  2017-12-11  631.00  651.95  651.00  631.00  72849.17         23.72   \n",
       "5  2017-12-08  615.42  628.85  627.16  615.42  45503.39         10.47   \n",
       "6  2017-12-07  624.95  624.99  616.69  615.26  51032.62         -8.32   \n",
       "\n",
       "       Ma5     Ma10     Ma20     V_ma5    V_ma10    V_ma20  \n",
       "2  642.846  636.416  647.612  53155.39  51089.69  68752.01  \n",
       "3  634.276  633.416  648.601  55089.72  50915.81  68578.70  \n",
       "4  630.630  633.119  649.985  55005.01  53156.06  68502.57  \n",
       "5  628.020  630.222  651.829  51288.71  52225.99  67353.60  \n",
       "6  627.124  630.506  654.372  51626.58  55329.85  68782.36  "
      ]
     },
     "execution_count": 97,
     "metadata": {},
     "output_type": "execute_result"
    }
   ],
   "source": [
    "print(\"Before Drop: \", stock.shape)\n",
    "stock.drop(['Turnover','P_change'], axis=1, inplace=True)\n",
    "stock.drop([0, 1], axis=0, inplace=True)\n",
    "print(\"After Drop: \", stock.shape)\n",
    "stock.head()"
   ]
  },
  {
   "cell_type": "markdown",
   "metadata": {},
   "source": [
    "# How do I sort a pandas DataFrame or Series?\n",
    "\n",
    "## notice the two methods don't change the DataFrame\n",
    "``` python\n",
    "# return pd.Series\n",
    "DataFrmae.cols_name.sort_values(ascending=False)\n",
    "DataFrmae['cols_name'].sort_values(ascending=False)\n",
    "# return pd.DataFrame\n",
    "# you can sort with two columns\n",
    "DataFrame.sort_values('cols_name', ascending = True)\n",
    "DataFrame.sort_values(['cols_name1', 'cols_name2'])\n",
    "```"
   ]
  },
  {
   "cell_type": "code",
   "execution_count": 98,
   "metadata": {},
   "outputs": [
    {
     "data": {
      "text/html": [
       "<div>\n",
       "<style>\n",
       "    .dataframe thead tr:only-child th {\n",
       "        text-align: right;\n",
       "    }\n",
       "\n",
       "    .dataframe thead th {\n",
       "        text-align: left;\n",
       "    }\n",
       "\n",
       "    .dataframe tbody tr th {\n",
       "        vertical-align: top;\n",
       "    }\n",
       "</style>\n",
       "<table border=\"1\" class=\"dataframe\">\n",
       "  <thead>\n",
       "    <tr style=\"text-align: right;\">\n",
       "      <th></th>\n",
       "      <th>Date</th>\n",
       "      <th>Open</th>\n",
       "      <th>High</th>\n",
       "      <th>Close</th>\n",
       "      <th>Low</th>\n",
       "      <th>Volume</th>\n",
       "      <th>Price_change</th>\n",
       "    </tr>\n",
       "  </thead>\n",
       "  <tbody>\n",
       "    <tr>\n",
       "      <th>2</th>\n",
       "      <td>2017-12-13</td>\n",
       "      <td>654.99</td>\n",
       "      <td>670.00</td>\n",
       "      <td>668.20</td>\n",
       "      <td>650.72</td>\n",
       "      <td>48502.48</td>\n",
       "      <td>16.88</td>\n",
       "    </tr>\n",
       "    <tr>\n",
       "      <th>3</th>\n",
       "      <td>2017-12-12</td>\n",
       "      <td>658.70</td>\n",
       "      <td>658.77</td>\n",
       "      <td>651.18</td>\n",
       "      <td>651.02</td>\n",
       "      <td>47889.31</td>\n",
       "      <td>0.19</td>\n",
       "    </tr>\n",
       "    <tr>\n",
       "      <th>4</th>\n",
       "      <td>2017-12-11</td>\n",
       "      <td>631.00</td>\n",
       "      <td>651.95</td>\n",
       "      <td>651.00</td>\n",
       "      <td>631.00</td>\n",
       "      <td>72849.17</td>\n",
       "      <td>23.72</td>\n",
       "    </tr>\n",
       "    <tr>\n",
       "      <th>5</th>\n",
       "      <td>2017-12-08</td>\n",
       "      <td>615.42</td>\n",
       "      <td>628.85</td>\n",
       "      <td>627.16</td>\n",
       "      <td>615.42</td>\n",
       "      <td>45503.39</td>\n",
       "      <td>10.47</td>\n",
       "    </tr>\n",
       "    <tr>\n",
       "      <th>6</th>\n",
       "      <td>2017-12-07</td>\n",
       "      <td>624.95</td>\n",
       "      <td>624.99</td>\n",
       "      <td>616.69</td>\n",
       "      <td>615.26</td>\n",
       "      <td>51032.62</td>\n",
       "      <td>-8.32</td>\n",
       "    </tr>\n",
       "    <tr>\n",
       "      <th>7</th>\n",
       "      <td>2017-12-06</td>\n",
       "      <td>631.50</td>\n",
       "      <td>644.10</td>\n",
       "      <td>625.35</td>\n",
       "      <td>620.00</td>\n",
       "      <td>58174.09</td>\n",
       "      <td>-7.61</td>\n",
       "    </tr>\n",
       "    <tr>\n",
       "      <th>8</th>\n",
       "      <td>2017-12-05</td>\n",
       "      <td>634.00</td>\n",
       "      <td>647.40</td>\n",
       "      <td>632.95</td>\n",
       "      <td>630.13</td>\n",
       "      <td>47465.76</td>\n",
       "      <td>-4.84</td>\n",
       "    </tr>\n",
       "    <tr>\n",
       "      <th>9</th>\n",
       "      <td>2017-12-04</td>\n",
       "      <td>623.95</td>\n",
       "      <td>644.10</td>\n",
       "      <td>637.95</td>\n",
       "      <td>616.72</td>\n",
       "      <td>54267.71</td>\n",
       "      <td>15.60</td>\n",
       "    </tr>\n",
       "    <tr>\n",
       "      <th>10</th>\n",
       "      <td>2017-12-01</td>\n",
       "      <td>638.01</td>\n",
       "      <td>638.99</td>\n",
       "      <td>622.68</td>\n",
       "      <td>620.13</td>\n",
       "      <td>47192.74</td>\n",
       "      <td>-8.32</td>\n",
       "    </tr>\n",
       "    <tr>\n",
       "      <th>11</th>\n",
       "      <td>2017-11-30</td>\n",
       "      <td>635.51</td>\n",
       "      <td>648.48</td>\n",
       "      <td>631.00</td>\n",
       "      <td>626.00</td>\n",
       "      <td>38019.62</td>\n",
       "      <td>-7.12</td>\n",
       "    </tr>\n",
       "    <tr>\n",
       "      <th>12</th>\n",
       "      <td>2017-11-29</td>\n",
       "      <td>649.94</td>\n",
       "      <td>651.97</td>\n",
       "      <td>638.20</td>\n",
       "      <td>634.01</td>\n",
       "      <td>46763.72</td>\n",
       "      <td>-10.03</td>\n",
       "    </tr>\n",
       "    <tr>\n",
       "      <th>13</th>\n",
       "      <td>2017-11-28</td>\n",
       "      <td>625.06</td>\n",
       "      <td>648.88</td>\n",
       "      <td>648.21</td>\n",
       "      <td>624.00</td>\n",
       "      <td>70291.83</td>\n",
       "      <td>26.92</td>\n",
       "    </tr>\n",
       "    <tr>\n",
       "      <th>14</th>\n",
       "      <td>2017-11-27</td>\n",
       "      <td>634.00</td>\n",
       "      <td>636.33</td>\n",
       "      <td>622.03</td>\n",
       "      <td>613.01</td>\n",
       "      <td>63548.46</td>\n",
       "      <td>-8.01</td>\n",
       "    </tr>\n",
       "    <tr>\n",
       "      <th>15</th>\n",
       "      <td>2017-11-24</td>\n",
       "      <td>635.90</td>\n",
       "      <td>642.50</td>\n",
       "      <td>630.00</td>\n",
       "      <td>622.23</td>\n",
       "      <td>76541.94</td>\n",
       "      <td>-3.73</td>\n",
       "    </tr>\n",
       "    <tr>\n",
       "      <th>16</th>\n",
       "      <td>2017-11-23</td>\n",
       "      <td>642.00</td>\n",
       "      <td>646.00</td>\n",
       "      <td>633.49</td>\n",
       "      <td>630.22</td>\n",
       "      <td>109599.13</td>\n",
       "      <td>-17.03</td>\n",
       "    </tr>\n",
       "    <tr>\n",
       "      <th>17</th>\n",
       "      <td>2017-11-22</td>\n",
       "      <td>677.00</td>\n",
       "      <td>688.00</td>\n",
       "      <td>650.87</td>\n",
       "      <td>650.00</td>\n",
       "      <td>128498.26</td>\n",
       "      <td>-26.38</td>\n",
       "    </tr>\n",
       "    <tr>\n",
       "      <th>18</th>\n",
       "      <td>2017-11-21</td>\n",
       "      <td>669.00</td>\n",
       "      <td>688.80</td>\n",
       "      <td>677.00</td>\n",
       "      <td>662.02</td>\n",
       "      <td>96016.51</td>\n",
       "      <td>-2.15</td>\n",
       "    </tr>\n",
       "    <tr>\n",
       "      <th>19</th>\n",
       "      <td>2017-11-20</td>\n",
       "      <td>676.80</td>\n",
       "      <td>685.60</td>\n",
       "      <td>679.27</td>\n",
       "      <td>660.00</td>\n",
       "      <td>88305.82</td>\n",
       "      <td>-10.98</td>\n",
       "    </tr>\n",
       "    <tr>\n",
       "      <th>731</th>\n",
       "      <td>2014-12-18</td>\n",
       "      <td>179.69</td>\n",
       "      <td>182.20</td>\n",
       "      <td>179.34</td>\n",
       "      <td>179.00</td>\n",
       "      <td>38567.50</td>\n",
       "      <td>0.27</td>\n",
       "    </tr>\n",
       "    <tr>\n",
       "      <th>732</th>\n",
       "      <td>2014-12-17</td>\n",
       "      <td>179.99</td>\n",
       "      <td>181.45</td>\n",
       "      <td>179.07</td>\n",
       "      <td>177.80</td>\n",
       "      <td>60020.47</td>\n",
       "      <td>-1.56</td>\n",
       "    </tr>\n",
       "  </tbody>\n",
       "</table>\n",
       "</div>"
      ],
      "text/plain": [
       "           Date    Open    High   Close     Low     Volume  Price_change\n",
       "2    2017-12-13  654.99  670.00  668.20  650.72   48502.48         16.88\n",
       "3    2017-12-12  658.70  658.77  651.18  651.02   47889.31          0.19\n",
       "4    2017-12-11  631.00  651.95  651.00  631.00   72849.17         23.72\n",
       "5    2017-12-08  615.42  628.85  627.16  615.42   45503.39         10.47\n",
       "6    2017-12-07  624.95  624.99  616.69  615.26   51032.62         -8.32\n",
       "7    2017-12-06  631.50  644.10  625.35  620.00   58174.09         -7.61\n",
       "8    2017-12-05  634.00  647.40  632.95  630.13   47465.76         -4.84\n",
       "9    2017-12-04  623.95  644.10  637.95  616.72   54267.71         15.60\n",
       "10   2017-12-01  638.01  638.99  622.68  620.13   47192.74         -8.32\n",
       "11   2017-11-30  635.51  648.48  631.00  626.00   38019.62         -7.12\n",
       "12   2017-11-29  649.94  651.97  638.20  634.01   46763.72        -10.03\n",
       "13   2017-11-28  625.06  648.88  648.21  624.00   70291.83         26.92\n",
       "14   2017-11-27  634.00  636.33  622.03  613.01   63548.46         -8.01\n",
       "15   2017-11-24  635.90  642.50  630.00  622.23   76541.94         -3.73\n",
       "16   2017-11-23  642.00  646.00  633.49  630.22  109599.13        -17.03\n",
       "17   2017-11-22  677.00  688.00  650.87  650.00  128498.26        -26.38\n",
       "18   2017-11-21  669.00  688.80  677.00  662.02   96016.51         -2.15\n",
       "19   2017-11-20  676.80  685.60  679.27  660.00   88305.82        -10.98\n",
       "731  2014-12-18  179.69  182.20  179.34  179.00   38567.50          0.27\n",
       "732  2014-12-17  179.99  181.45  179.07  177.80   60020.47         -1.56"
      ]
     },
     "execution_count": 98,
     "metadata": {},
     "output_type": "execute_result"
    }
   ],
   "source": [
    "row_del = np.arange(20,len(stock['Volume']))\n",
    "row_list = row_del.tolist()\n",
    "\n",
    "col_del = ['Ma5','Ma10','Ma20','V_ma5','V_ma10','V_ma20']\n",
    "stock.drop(row_list, axis=0, inplace=True)\n",
    "stock.drop(col_del, axis=1, inplace=True)\n",
    "stock"
   ]
  },
  {
   "cell_type": "code",
   "execution_count": 70,
   "metadata": {},
   "outputs": [
    {
     "data": {
      "text/plain": [
       "17     128498.26\n",
       "16     109599.13\n",
       "18      96016.51\n",
       "19      88305.82\n",
       "15      76541.94\n",
       "4       72849.17\n",
       "13      70291.83\n",
       "14      63548.46\n",
       "732     60020.47\n",
       "7       58174.09\n",
       "9       54267.71\n",
       "6       51032.62\n",
       "2       48502.48\n",
       "3       47889.31\n",
       "8       47465.76\n",
       "10      47192.74\n",
       "12      46763.72\n",
       "5       45503.39\n",
       "731     38567.50\n",
       "11      38019.62\n",
       "Name: Volume, dtype: float64"
      ]
     },
     "execution_count": 70,
     "metadata": {},
     "output_type": "execute_result"
    }
   ],
   "source": [
    "# return pd.Series\n",
    "stock['Volume'].sort_values(ascending=False)"
   ]
  },
  {
   "cell_type": "code",
   "execution_count": 71,
   "metadata": {
    "scrolled": false
   },
   "outputs": [
    {
     "data": {
      "text/html": [
       "<div>\n",
       "<style>\n",
       "    .dataframe thead tr:only-child th {\n",
       "        text-align: right;\n",
       "    }\n",
       "\n",
       "    .dataframe thead th {\n",
       "        text-align: left;\n",
       "    }\n",
       "\n",
       "    .dataframe tbody tr th {\n",
       "        vertical-align: top;\n",
       "    }\n",
       "</style>\n",
       "<table border=\"1\" class=\"dataframe\">\n",
       "  <thead>\n",
       "    <tr style=\"text-align: right;\">\n",
       "      <th></th>\n",
       "      <th>Data</th>\n",
       "      <th>Open</th>\n",
       "      <th>High</th>\n",
       "      <th>Close</th>\n",
       "      <th>Low</th>\n",
       "      <th>Volume</th>\n",
       "      <th>Price_change</th>\n",
       "    </tr>\n",
       "  </thead>\n",
       "  <tbody>\n",
       "    <tr>\n",
       "      <th>11</th>\n",
       "      <td>2017-11-30</td>\n",
       "      <td>635.51</td>\n",
       "      <td>648.48</td>\n",
       "      <td>631.00</td>\n",
       "      <td>626.00</td>\n",
       "      <td>38019.62</td>\n",
       "      <td>-7.12</td>\n",
       "    </tr>\n",
       "    <tr>\n",
       "      <th>731</th>\n",
       "      <td>2014-12-18</td>\n",
       "      <td>179.69</td>\n",
       "      <td>182.20</td>\n",
       "      <td>179.34</td>\n",
       "      <td>179.00</td>\n",
       "      <td>38567.50</td>\n",
       "      <td>0.27</td>\n",
       "    </tr>\n",
       "    <tr>\n",
       "      <th>5</th>\n",
       "      <td>2017-12-08</td>\n",
       "      <td>615.42</td>\n",
       "      <td>628.85</td>\n",
       "      <td>627.16</td>\n",
       "      <td>615.42</td>\n",
       "      <td>45503.39</td>\n",
       "      <td>10.47</td>\n",
       "    </tr>\n",
       "    <tr>\n",
       "      <th>12</th>\n",
       "      <td>2017-11-29</td>\n",
       "      <td>649.94</td>\n",
       "      <td>651.97</td>\n",
       "      <td>638.20</td>\n",
       "      <td>634.01</td>\n",
       "      <td>46763.72</td>\n",
       "      <td>-10.03</td>\n",
       "    </tr>\n",
       "    <tr>\n",
       "      <th>10</th>\n",
       "      <td>2017-12-01</td>\n",
       "      <td>638.01</td>\n",
       "      <td>638.99</td>\n",
       "      <td>622.68</td>\n",
       "      <td>620.13</td>\n",
       "      <td>47192.74</td>\n",
       "      <td>-8.32</td>\n",
       "    </tr>\n",
       "    <tr>\n",
       "      <th>8</th>\n",
       "      <td>2017-12-05</td>\n",
       "      <td>634.00</td>\n",
       "      <td>647.40</td>\n",
       "      <td>632.95</td>\n",
       "      <td>630.13</td>\n",
       "      <td>47465.76</td>\n",
       "      <td>-4.84</td>\n",
       "    </tr>\n",
       "    <tr>\n",
       "      <th>3</th>\n",
       "      <td>2017-12-12</td>\n",
       "      <td>658.70</td>\n",
       "      <td>658.77</td>\n",
       "      <td>651.18</td>\n",
       "      <td>651.02</td>\n",
       "      <td>47889.31</td>\n",
       "      <td>0.19</td>\n",
       "    </tr>\n",
       "    <tr>\n",
       "      <th>2</th>\n",
       "      <td>2017-12-13</td>\n",
       "      <td>654.99</td>\n",
       "      <td>670.00</td>\n",
       "      <td>668.20</td>\n",
       "      <td>650.72</td>\n",
       "      <td>48502.48</td>\n",
       "      <td>16.88</td>\n",
       "    </tr>\n",
       "    <tr>\n",
       "      <th>6</th>\n",
       "      <td>2017-12-07</td>\n",
       "      <td>624.95</td>\n",
       "      <td>624.99</td>\n",
       "      <td>616.69</td>\n",
       "      <td>615.26</td>\n",
       "      <td>51032.62</td>\n",
       "      <td>-8.32</td>\n",
       "    </tr>\n",
       "    <tr>\n",
       "      <th>9</th>\n",
       "      <td>2017-12-04</td>\n",
       "      <td>623.95</td>\n",
       "      <td>644.10</td>\n",
       "      <td>637.95</td>\n",
       "      <td>616.72</td>\n",
       "      <td>54267.71</td>\n",
       "      <td>15.60</td>\n",
       "    </tr>\n",
       "    <tr>\n",
       "      <th>7</th>\n",
       "      <td>2017-12-06</td>\n",
       "      <td>631.50</td>\n",
       "      <td>644.10</td>\n",
       "      <td>625.35</td>\n",
       "      <td>620.00</td>\n",
       "      <td>58174.09</td>\n",
       "      <td>-7.61</td>\n",
       "    </tr>\n",
       "    <tr>\n",
       "      <th>732</th>\n",
       "      <td>2014-12-17</td>\n",
       "      <td>179.99</td>\n",
       "      <td>181.45</td>\n",
       "      <td>179.07</td>\n",
       "      <td>177.80</td>\n",
       "      <td>60020.47</td>\n",
       "      <td>-1.56</td>\n",
       "    </tr>\n",
       "    <tr>\n",
       "      <th>14</th>\n",
       "      <td>2017-11-27</td>\n",
       "      <td>634.00</td>\n",
       "      <td>636.33</td>\n",
       "      <td>622.03</td>\n",
       "      <td>613.01</td>\n",
       "      <td>63548.46</td>\n",
       "      <td>-8.01</td>\n",
       "    </tr>\n",
       "    <tr>\n",
       "      <th>13</th>\n",
       "      <td>2017-11-28</td>\n",
       "      <td>625.06</td>\n",
       "      <td>648.88</td>\n",
       "      <td>648.21</td>\n",
       "      <td>624.00</td>\n",
       "      <td>70291.83</td>\n",
       "      <td>26.92</td>\n",
       "    </tr>\n",
       "    <tr>\n",
       "      <th>4</th>\n",
       "      <td>2017-12-11</td>\n",
       "      <td>631.00</td>\n",
       "      <td>651.95</td>\n",
       "      <td>651.00</td>\n",
       "      <td>631.00</td>\n",
       "      <td>72849.17</td>\n",
       "      <td>23.72</td>\n",
       "    </tr>\n",
       "    <tr>\n",
       "      <th>15</th>\n",
       "      <td>2017-11-24</td>\n",
       "      <td>635.90</td>\n",
       "      <td>642.50</td>\n",
       "      <td>630.00</td>\n",
       "      <td>622.23</td>\n",
       "      <td>76541.94</td>\n",
       "      <td>-3.73</td>\n",
       "    </tr>\n",
       "    <tr>\n",
       "      <th>19</th>\n",
       "      <td>2017-11-20</td>\n",
       "      <td>676.80</td>\n",
       "      <td>685.60</td>\n",
       "      <td>679.27</td>\n",
       "      <td>660.00</td>\n",
       "      <td>88305.82</td>\n",
       "      <td>-10.98</td>\n",
       "    </tr>\n",
       "    <tr>\n",
       "      <th>18</th>\n",
       "      <td>2017-11-21</td>\n",
       "      <td>669.00</td>\n",
       "      <td>688.80</td>\n",
       "      <td>677.00</td>\n",
       "      <td>662.02</td>\n",
       "      <td>96016.51</td>\n",
       "      <td>-2.15</td>\n",
       "    </tr>\n",
       "    <tr>\n",
       "      <th>16</th>\n",
       "      <td>2017-11-23</td>\n",
       "      <td>642.00</td>\n",
       "      <td>646.00</td>\n",
       "      <td>633.49</td>\n",
       "      <td>630.22</td>\n",
       "      <td>109599.13</td>\n",
       "      <td>-17.03</td>\n",
       "    </tr>\n",
       "    <tr>\n",
       "      <th>17</th>\n",
       "      <td>2017-11-22</td>\n",
       "      <td>677.00</td>\n",
       "      <td>688.00</td>\n",
       "      <td>650.87</td>\n",
       "      <td>650.00</td>\n",
       "      <td>128498.26</td>\n",
       "      <td>-26.38</td>\n",
       "    </tr>\n",
       "  </tbody>\n",
       "</table>\n",
       "</div>"
      ],
      "text/plain": [
       "           Data    Open    High   Close     Low     Volume  Price_change\n",
       "11   2017-11-30  635.51  648.48  631.00  626.00   38019.62         -7.12\n",
       "731  2014-12-18  179.69  182.20  179.34  179.00   38567.50          0.27\n",
       "5    2017-12-08  615.42  628.85  627.16  615.42   45503.39         10.47\n",
       "12   2017-11-29  649.94  651.97  638.20  634.01   46763.72        -10.03\n",
       "10   2017-12-01  638.01  638.99  622.68  620.13   47192.74         -8.32\n",
       "8    2017-12-05  634.00  647.40  632.95  630.13   47465.76         -4.84\n",
       "3    2017-12-12  658.70  658.77  651.18  651.02   47889.31          0.19\n",
       "2    2017-12-13  654.99  670.00  668.20  650.72   48502.48         16.88\n",
       "6    2017-12-07  624.95  624.99  616.69  615.26   51032.62         -8.32\n",
       "9    2017-12-04  623.95  644.10  637.95  616.72   54267.71         15.60\n",
       "7    2017-12-06  631.50  644.10  625.35  620.00   58174.09         -7.61\n",
       "732  2014-12-17  179.99  181.45  179.07  177.80   60020.47         -1.56\n",
       "14   2017-11-27  634.00  636.33  622.03  613.01   63548.46         -8.01\n",
       "13   2017-11-28  625.06  648.88  648.21  624.00   70291.83         26.92\n",
       "4    2017-12-11  631.00  651.95  651.00  631.00   72849.17         23.72\n",
       "15   2017-11-24  635.90  642.50  630.00  622.23   76541.94         -3.73\n",
       "19   2017-11-20  676.80  685.60  679.27  660.00   88305.82        -10.98\n",
       "18   2017-11-21  669.00  688.80  677.00  662.02   96016.51         -2.15\n",
       "16   2017-11-23  642.00  646.00  633.49  630.22  109599.13        -17.03\n",
       "17   2017-11-22  677.00  688.00  650.87  650.00  128498.26        -26.38"
      ]
     },
     "execution_count": 71,
     "metadata": {},
     "output_type": "execute_result"
    }
   ],
   "source": [
    "# return pd.DataFrame\n",
    "stock.sort_values('Volume', ascending = True)"
   ]
  },
  {
   "cell_type": "markdown",
   "metadata": {},
   "source": [
    "# How do I filter rows of a pandas DataFrame by column value?\n",
    "\n",
    "``` python\n",
    "#Use pd.Series to chose the selected rows\n",
    "bool_row = [True, False, ...]\n",
    "is_row = pd.Series(bool_row)\n",
    "DataFrame[is_row]\n",
    "```"
   ]
  },
  {
   "cell_type": "code",
   "execution_count": 128,
   "metadata": {},
   "outputs": [
    {
     "data": {
      "text/html": [
       "<div>\n",
       "<style>\n",
       "    .dataframe thead tr:only-child th {\n",
       "        text-align: right;\n",
       "    }\n",
       "\n",
       "    .dataframe thead th {\n",
       "        text-align: left;\n",
       "    }\n",
       "\n",
       "    .dataframe tbody tr th {\n",
       "        vertical-align: top;\n",
       "    }\n",
       "</style>\n",
       "<table border=\"1\" class=\"dataframe\">\n",
       "  <thead>\n",
       "    <tr style=\"text-align: right;\">\n",
       "      <th></th>\n",
       "      <th>Date</th>\n",
       "      <th>Open</th>\n",
       "      <th>High</th>\n",
       "      <th>Close</th>\n",
       "      <th>Low</th>\n",
       "      <th>Volume</th>\n",
       "      <th>Price_change</th>\n",
       "    </tr>\n",
       "  </thead>\n",
       "  <tbody>\n",
       "    <tr>\n",
       "      <th>0</th>\n",
       "      <td>2017-12-13</td>\n",
       "      <td>654.99</td>\n",
       "      <td>670.00</td>\n",
       "      <td>668.20</td>\n",
       "      <td>650.72</td>\n",
       "      <td>48502.48</td>\n",
       "      <td>16.88</td>\n",
       "    </tr>\n",
       "    <tr>\n",
       "      <th>1</th>\n",
       "      <td>2017-12-12</td>\n",
       "      <td>658.70</td>\n",
       "      <td>658.77</td>\n",
       "      <td>651.18</td>\n",
       "      <td>651.02</td>\n",
       "      <td>47889.31</td>\n",
       "      <td>0.19</td>\n",
       "    </tr>\n",
       "    <tr>\n",
       "      <th>2</th>\n",
       "      <td>2017-12-11</td>\n",
       "      <td>631.00</td>\n",
       "      <td>651.95</td>\n",
       "      <td>651.00</td>\n",
       "      <td>631.00</td>\n",
       "      <td>72849.17</td>\n",
       "      <td>23.72</td>\n",
       "    </tr>\n",
       "    <tr>\n",
       "      <th>5</th>\n",
       "      <td>2017-12-06</td>\n",
       "      <td>631.50</td>\n",
       "      <td>644.10</td>\n",
       "      <td>625.35</td>\n",
       "      <td>620.00</td>\n",
       "      <td>58174.09</td>\n",
       "      <td>-7.61</td>\n",
       "    </tr>\n",
       "    <tr>\n",
       "      <th>6</th>\n",
       "      <td>2017-12-05</td>\n",
       "      <td>634.00</td>\n",
       "      <td>647.40</td>\n",
       "      <td>632.95</td>\n",
       "      <td>630.13</td>\n",
       "      <td>47465.76</td>\n",
       "      <td>-4.84</td>\n",
       "    </tr>\n",
       "    <tr>\n",
       "      <th>8</th>\n",
       "      <td>2017-12-01</td>\n",
       "      <td>638.01</td>\n",
       "      <td>638.99</td>\n",
       "      <td>622.68</td>\n",
       "      <td>620.13</td>\n",
       "      <td>47192.74</td>\n",
       "      <td>-8.32</td>\n",
       "    </tr>\n",
       "    <tr>\n",
       "      <th>9</th>\n",
       "      <td>2017-11-30</td>\n",
       "      <td>635.51</td>\n",
       "      <td>648.48</td>\n",
       "      <td>631.00</td>\n",
       "      <td>626.00</td>\n",
       "      <td>38019.62</td>\n",
       "      <td>-7.12</td>\n",
       "    </tr>\n",
       "    <tr>\n",
       "      <th>10</th>\n",
       "      <td>2017-11-29</td>\n",
       "      <td>649.94</td>\n",
       "      <td>651.97</td>\n",
       "      <td>638.20</td>\n",
       "      <td>634.01</td>\n",
       "      <td>46763.72</td>\n",
       "      <td>-10.03</td>\n",
       "    </tr>\n",
       "    <tr>\n",
       "      <th>12</th>\n",
       "      <td>2017-11-27</td>\n",
       "      <td>634.00</td>\n",
       "      <td>636.33</td>\n",
       "      <td>622.03</td>\n",
       "      <td>613.01</td>\n",
       "      <td>63548.46</td>\n",
       "      <td>-8.01</td>\n",
       "    </tr>\n",
       "    <tr>\n",
       "      <th>13</th>\n",
       "      <td>2017-11-24</td>\n",
       "      <td>635.90</td>\n",
       "      <td>642.50</td>\n",
       "      <td>630.00</td>\n",
       "      <td>622.23</td>\n",
       "      <td>76541.94</td>\n",
